PADDLE 350 570
BALL 628 312 4 4
BLOCKS 50
20 40 3
95 40 3
170 40 3
245 40 3
320 40 3
395 40 3
470 40 3
545 40 3
620 40 3
695 40 3
20 70 3
95 70 3
170 70 3
245 70 3
320 70 3
395 70 3
470 70 3
545 70 3
620 70 3
695 70 3
20 100 3
95 100 3
170 100 3
245 100 3
320 100 3
395 100 3
470 100 3
545 100 3
620 100 3
695 100 3
20 130 3
95 130 3
170 130 3
245 130 3
320 130 3
395 130 3
470 130 3
545 130 3
620 130 3
695 130 3
20 160 3
95 160 3
170 160 3
245 160 3
320 160 3
395 160 3
470 160 2
545 160 3
620 160 3
695 160 3
